%YAML:1.0
---
model_type: KANNALA_BRANDT
camera_name: kannala-brandt
image_width: 752
image_height: 480
projection_parameters:
   k2: -2.6085148102570024e-02
   k3: 1.6356411309886076e-02
   k4: -3.1551248425647979e-02
   k5: 1.6115684866071813e-02
   mu: 3.6894983287435332e+02
   mv: 3.6886728767480594e+02
   u0: 3.7954049336950573e+02
   v0: 2.4415072065491216e+02
